 1.00000000e-06  4.92293263e-02  1.00000000e-06  9.24342858e-04 
 1.00000544e-06  3.61912461e-03  1.00000544e-06  1.33393970e-01 
 1.00001631e-06 -8.42550192e-02  1.00001631e-06  1.97063346e-01 
 1.00003806e-06  5.39828360e-03  1.00003806e-06 -2.54423713e-01 
 1.00005882e-06  1.50492807e+00  1.00005882e-06 -1.06922553e+00 
 1.00007939e-06  3.88773414e+00  1.00007939e-06 -6.22876362e-01 
 1.00010000e-06  4.63510479e+00  1.00010000e-06 -1.96735273e-01 
 1.00010242e-06  4.69569950e+00  1.00010242e-06 -3.58917283e-01 
 1.00010726e-06  4.78690669e+00  1.00010726e-06 -2.92506316e-01 
 1.00011694e-06  4.86586559e+00  1.00011694e-06 -2.42328651e-01 
 1.00013631e-06  4.89368726e+00  1.00013631e-06 -2.18614562e-01 
 1.00016376e-06  4.89038948e+00  1.00016376e-06 -2.24755565e-01 
 1.00021007e-06  4.89145730e+00  1.00021007e-06 -2.20131877e-01 
 1.00030270e-06  4.89084360e+00  1.00030270e-06 -2.24444228e-01 
 1.00048796e-06  4.89132046e+00  1.00048796e-06 -2.20228430e-01 
 1.00085847e-06  4.89089727e+00  1.00085847e-06 -2.24405117e-01 
 1.00159948e-06  4.89129564e+00  1.00159948e-06 -2.20246089e-01 
 1.00308152e-06  4.89090882e+00  1.00308152e-06 -2.24396706e-01 
 1.00604559e-06  4.89128994e+00  1.00604559e-06 -2.20250189e-01 
 1.01197374e-06  4.89091159e+00  1.01197374e-06 -2.24394679e-01 
 1.02383003e-06  4.89128855e+00  1.02383003e-06 -2.20251195e-01 
 1.04754261e-06  4.89091228e+00  1.04754261e-06 -2.24394177e-01 
 1.09496777e-06  4.89128820e+00  1.09496777e-06 -2.20251445e-01 
 1.15496777e-06  4.89091239e+00  1.15496777e-06 -2.24394023e-01 
 1.16600000e-06  4.89128743e+00  1.16600000e-06 -2.20251861e-01 
 1.16601000e-06  5.03010493e+00  1.16601000e-06 -2.28004577e-01 
 1.16603000e-06  5.11368782e+00  1.16603000e-06 -2.32311314e-01 
 1.16607000e-06  4.70835771e+00  1.16607000e-06 -2.15850448e-01 
 1.16610000e-06  4.40374214e+00  1.16610000e-06 -2.00501702e-01 
 1.16610428e-06  4.37051745e+00  1.16610428e-06 -1.99131562e-01 
 1.16611285e-06  4.33803279e+00  1.16611285e-06 -1.97369646e-01 
 1.16612998e-06  4.34193098e+00  1.16612998e-06 -1.97176217e-01 
 1.16616424e-06  4.33910683e+00  1.16616424e-06 -1.97094272e-01 
 1.16622112e-06  4.33891558e+00  1.16622112e-06 -1.97055138e-01 
 1.16633486e-06  4.33475378e+00  1.16633486e-06 -1.96891253e-01 
 1.16656236e-06  4.32966156e+00  1.16656236e-06 -1.96636841e-01 
 1.16701734e-06  4.31653026e+00  1.16701734e-06 -1.96062593e-01 
 1.16792731e-06  4.29322759e+00  1.16792731e-06 -1.94982358e-01 
 1.16974725e-06  4.24422800e+00  1.16974725e-06 -1.92778259e-01 
 1.17338714e-06  4.15060650e+00  1.17338714e-06 -1.88504303e-01 
 1.18066690e-06  3.96684552e+00  1.18066690e-06 -1.80178916e-01 
 1.19522643e-06  3.62570119e+00  1.19522643e-06 -1.64662111e-01 
 1.22434549e-06  3.02543861e+00  1.22434549e-06 -1.37418672e-01 
 1.28258362e-06  2.10213581e+00  1.28258362e-06 -9.54604902e-02 
 1.34258362e-06  1.44286958e+00  1.34258362e-06 -6.55382803e-02 
 1.40258362e-06  9.91640282e-01  1.40258362e-06 -4.50228198e-02 
 1.46258362e-06  6.80226579e-01  1.46258362e-06 -3.09011398e-02 
 1.49910000e-06  5.42883472e-01  1.49910000e-06 -2.46422684e-02 
 1.49911000e-06  4.63544629e-01  1.49911000e-06 -2.12566906e-02 
 1.49913000e-06  4.27482430e-01  1.49913000e-06 -1.94080678e-02 
 1.49917000e-06  2.36875273e+00  1.49917000e-06 -1.04135925e-01 
 1.49920000e-06  4.33544929e+00  1.49920000e-06 -1.92242910e-01 
 1.49920375e-06  4.51411236e+00  1.49920375e-06 -2.00913441e-01 
 1.49921124e-06  4.75324289e+00  1.49921124e-06 -2.12886759e-01 
 1.49922623e-06  4.88659370e+00  1.49922623e-06 -2.21301068e-01 
 1.49924777e-06  4.89183807e+00  1.49924777e-06 -2.22430126e-01 
 1.49927173e-06  4.89092780e+00  1.49927173e-06 -2.22312362e-01 
 1.49931899e-06  4.89119852e+00  1.49931899e-06 -2.22323255e-01 
 1.49941351e-06  4.89102432e+00  1.49941351e-06 -2.22324899e-01 
 1.49960254e-06  4.89116779e+00  1.49960254e-06 -2.22319605e-01 
 1.49998062e-06  4.89103606e+00  1.49998062e-06 -2.22326292e-01 
 1.50073677e-06  4.89116246e+00  1.50073677e-06 -2.22318985e-01 
 1.50224906e-06  4.89103857e+00  1.50224906e-06 -2.22326584e-01 
 1.50527365e-06  4.89116123e+00  1.50527365e-06 -2.22318843e-01 
 1.51132283e-06  4.89103917e+00  1.51132283e-06 -2.22326653e-01 
 1.52342120e-06  4.89116093e+00  1.52342120e-06 -2.22318808e-01 
 1.54761793e-06  4.89103932e+00  1.54761793e-06 -2.22326671e-01 
 1.59601138e-06  4.89116086e+00  1.59601138e-06 -2.22318800e-01 
 1.65601138e-06  4.89103936e+00  1.65601138e-06 -2.22326676e-01 
 1.66510000e-06  4.89116069e+00  1.66510000e-06 -2.22318782e-01 
 1.66511000e-06  5.00112098e+00  1.66511000e-06 -3.04023430e-01 
 1.66513000e-06  5.11539385e+00  1.66513000e-06 -2.35081051e-01 
 1.66517000e-06  5.22374085e+00  1.66517000e-06 -2.71943567e-01 
 1.66520000e-06  5.32559741e+00  1.66520000e-06 -2.53332707e-01 
 1.66520436e-06  5.27876903e+00  1.66520436e-06 -1.68797321e-01 
 1.66521308e-06  5.18568270e+00  1.66521308e-06 -1.63111233e-01 
 1.66523052e-06  4.99867645e+00  1.66523052e-06 -1.52346881e-01 
 1.66526541e-06  4.63056871e+00  1.66526541e-06 -1.33830614e-01 
 1.66533518e-06  3.99231209e+00  1.66533518e-06 -9.16417954e-02 
 1.66544526e-06  3.68500974e+00  1.66544526e-06  2.69170860e-02 
 1.66556306e-06  3.69451302e+00  1.66556306e-06 -2.50256084e-02 
 1.66571699e-06  3.68053943e+00  1.66571699e-06  2.29311361e-02 
 1.66587708e-06  3.68568937e+00  1.66587708e-06 -2.21765797e-02 
 1.66600000e-06  3.67533328e+00  1.66600000e-06  2.02411980e-02 
 1.66600702e-06  3.78209470e+00  1.66600702e-06  1.71741664e-01 
 1.66602105e-06  4.06683046e+00  1.66602105e-06  2.98936716e-01 
 1.66604567e-06  4.42652988e+00  1.66604567e-06  5.80010264e-02 
 1.66607119e-06  4.42711598e+00  1.66607119e-06 -5.55835580e-02 
 1.66610000e-06  4.40751769e+00  1.66610000e-06  3.80782808e-02 
 1.66610476e-06  4.37095900e+00  1.66610476e-06 -9.38472910e-02 
 1.66611427e-06  4.33692050e+00  1.66611427e-06  4.71427982e-03 
 1.66613330e-06  4.34293019e+00  1.66613330e-06  2.60370984e-03 
 1.66617135e-06  4.33858380e+00  1.66617135e-06 -5.34101584e-03 
 1.66623205e-06  4.33935974e+00  1.66623205e-06  5.61495842e-03 
 1.66635346e-06  4.33410813e+00  1.66635346e-06 -6.66365380e-03 
 1.66659628e-06  4.32942548e+00  1.66659628e-06  6.17830652e-03 
 1.66708191e-06  4.31468939e+00  1.66708191e-06 -6.92096903e-03 
 1.66805317e-06  4.29053879e+00  1.66805317e-06  6.30846227e-03 
 1.66999570e-06  4.23759350e+00  1.66999570e-06 -6.97241133e-03 
 1.67388076e-06  4.13858719e+00  1.67388076e-06  6.35682826e-03 
 1.68165087e-06  3.94262354e+00  1.68165087e-06 -6.95338709e-03 
 1.69719110e-06  3.58243703e+00  1.69719110e-06  6.42240163e-03 
 1.72827156e-06  2.95224497e+00  1.72827156e-06 -6.86504853e-03 
 1.78827156e-06  2.02890967e+00  1.78827156e-06  6.54836038e-03 
 1.84827156e-06  1.39194538e+00  1.84827156e-06 -6.75657713e-03 
 1.90827156e-06  9.57300834e-01  1.90827156e-06  6.61822133e-03 
 1.96827156e-06  6.56012076e-01  1.96827156e-06 -6.71252274e-03 
 1.99910000e-06  5.43230908e-01  1.99910000e-06  6.64431941e-03 
 1.99911000e-06  4.88386014e-01  1.99911000e-06 -5.04856303e-02 
 1.99913000e-06  4.52625969e-01  1.99913000e-06  1.71431874e-02 
 1.99917000e-06  3.87298261e-01  1.99917000e-06 -4.72640733e-02 
 1.99920000e-06  6.84322235e-02  1.99920000e-06 -1.46918832e-01 
 1.99920293e-06  6.91103785e-02  1.99920293e-06  1.69121177e-04 
 1.99920878e-06  6.89679826e-02  1.99920878e-06 -2.06447443e-03 
 1.99922048e-06  6.80337031e-02  1.99922048e-06  7.02220477e-05 
 1.99924388e-06  6.57413518e-02  1.99924388e-06 -1.92072765e-03 
 1.99929068e-06  6.13174011e-02  1.99929068e-06  2.04980947e-04 
 1.99938429e-06  5.41080894e-02  1.99938429e-06 -1.61132598e-03 
 1.99957151e-06  4.42367819e-02  1.99957151e-06  6.51270864e-04 
 1.99994595e-06  3.54452848e-02  1.99994595e-06 -1.07950554e-03 
 2.00000000e-06  3.49497476e-02  2.00000000e-06  9.14682437e-04 
